805721779
3073890977
180121853
6330378947
3538895251
2260608953
4276641211
1198056359
7377746833
9637876981
2602016099
9408597613
7542187391
8783798063
712155161
5136618397
5007182069
2361969893
5091840797
6529107163
8785667197
6618572011
2905122383
8464307141
4919072479
3754844299
2807667131
9760018069
7062831949
5560711889
942391019
8248877027
7930126801
3539152787
3042900349
5018192761
4421388379
9276418147
7025632759
4801010969
4910085473
8001017183
7510906499
7214896393
2887054879
6456627433
1928730281
4502610043
459533693
5912222011
3078073897
143279989
7537811837
1117253581
4948426129
3812772881
2646123643
9941140771
1626292991
9023043919
2939012969
2587795699
8962217393
4574845069
5911203983
173011273
7819634651
2497537907
3547751881
4917095257
2950832837
7932141817
2992436123
6719846117
3732914491
6873160933
2277091769
9215603911
7829460523
1259586571
3025435877
9187277311
4880617619
9930701489
2853863413
6786482537
4245051457
8483062669
6170860819
6768993089
7523065183
8487879847
1172679901
5110203529
1134959743
8116362083
5652719383
4686500407
1042287613
4926064853
4688263037
7390621081
2848230023
7968002023
5870117369
472232513
3319900433
2630886107
5805886061
7660685569
1779501641
4395045761
1167178669
1511796053
7712294203
1825493071
143481259
3588885913
7956173347
6008269807
5369475973
1670104151
7708338959
2178009989
3664032607
3008950267
5005621843
1937834419
6022483513
4175054707
5187512593
2679388463
5730006479
7233252127
7132997237
3304209889
760013719
1325247757
4316101217
536895083
6332509957
2437126753
3979305259
471175753
7430270723
2789790613
9658573231
2850368509
2268564019
1983701333
2768556991
7256510141
943434761
802125277
2440705291
6712067353
2429204377
3532428329
5018757353
7235853371
5047117591
6462554543
9631821091
739438093
6562275721
7158826313
9030669149
2157903383
5080158241
6756139199
717539611
353967599
1396570663
6769051117
818385703
4768931417
4993298951
7252818289
2176757383
8971042387
2676752797
9555507253
5604942859
5567413921
5639163991
7857947501
1830667291
1795079129
6735761993
8136227159
1178907559
8633742679
1197319987
4477426883
4055618857
3448562207
5891206457
2489215033
6741203977
6731534767
6584680283
6565357609
1397377427
3350265517
4936628309
3284250883
2505253519
534620839
9551519539
220378121
1398634571
4726780021
6893924179
6563107879
1436031637
2440739573
9726817153
614058923
583703737
3206939447
5064400699
6487566983
2400203621
7552516469
2124903623
2910380327
6512148053
2062844237
4464157351
9047254367
6938090989
4339076849
8295682327
4878721103
2296653451
9770848823
3315715523
924097721
7678235333
1891766089
7655975011
3401066629
1294105951
212520533
2746451633
6802418911
3226974809
3504221011
8727952169
2861433329
636075943
1463620573
4822446341
1405654153
3905275849
9069934037
224532149
8546275607
7536857963
4409565533
3317589599
4518445049
3214460677
1320997633
3143798179
9029204467
312584081
5147936147
6593154731
7190702621
3058895717
8382577667
4806375229
8331362233
2705639609
6010471211
3289468781
1320755077
410392907
4176924091
1824823943
633049177
2054121221
8193144121
7052882453
1445428423
2443800719
2664379741
9588943187
3449033639
9605166757
1176637547
9960807827
4884842167
3903285959
6280904551
9871158931
8392023851
6508956119
7767338167
5387876807
4115423243
9779932087
8060356189
4973394103
1925127179
1151405573
8391007873
3932757733
3319117369
7713651097
127844611
7942463671
4752712813
4580907523
3082905689
5781294767
1961583119
6324906727
4984636123
9773734613
7939736579
5971964249
8692408213
4400748059
6214291351
619271927
1252824379
5562046739
231816973
1077560873
1048636471
5453682797
7762177763
1020918421
4488696701
757661351
5682954059
8657683367
2822236481
6245598383
8160854327
2779114397
7387037507
8224233041
7603961513
3642355733
6070897907
4621931641
4292286001
5881408007
1266425519
1250909279
2840474531
501443287
4136102081
2664243523
6572737289
3103011739
1492977341
8771488267
7046600839
9341566711
8529079289
8295128879
9925518263
1443109747
6117199343
9086424791
802204219
1296061969
7590065179
3977856457
450464737
7266435629
636812453
6119269109
2972654567
8032887337
8916319859
2490099673
9815586101
5276563199
6818236921
7872804587
8662751431
2608432117
9525349663
6960527611
6796034447
4065067507
619925303
911485139
1006964503
6237666139
2976291739
878717417
4930507801
2140668119
608836829
3588341741
8886520471
8519861893
8125065461
192135659
2284692661
2776698173
4068089587
1952133503
7091194619
5044302491
6821726729
221743681
4124440673
8951452507
9655140977
1346199467
9992376007
645122843
1142154983
2855307241
3065726221
4667902027
2931779231
4583688133
6317177807
8984383007
6525069497
4891855721
8011056271
507789647
9503944847
2628902363
5689845983
9061183861
749666543
8183270317
364504087
1074574187
252106399
6890539963
4139667083
8902339091
2920214767
4560981991
1714089791
8432798579
2914573009
686935237
3427985773
3955368701
7452993631
567086209
7344271591
5505424709
220307767
5419598179
6222481757
6172776083
1551629917
443807717
1678109401
2730430921
6803966777
1802615137
1863510133
665838469
6355158983
6146076941
8699723119
5027573153
9406285423
3282924191
4852774799
9644224939
4766707747
832421839
1238073769
5443739359
5882966867
4996825733
1940231023
5280435001
2836838659
1598638247
4310710319
5827095961
8925427921
2605374613
9669217997
7102403849
6705633863
7694496923
6400573691
8573950351
6440458477
6200692361
3063319027
223171859
1404421559
876803141
6262137433
2732170381
6169989593
8065705169
8115951307
3293959469
3881235539
3656258819
6406483891
7986825659
7746289871
3053184587
8816745121
4417031053
7787296019
7232083609
7528331543
4892133931
8702834059
1830636317
143482147
2309055709
7777035479
5678440387
1478188363
4280865871
5831074441
4370533267
8913059431
8701908497
2382129401
1705722281
6527409521
6335276947
8554200799
7808799731
1380542117
5047936897
9329342611
9124937233
8599767823
4949893057
7191215261
8566000379
3994189187
9119366323
4586585671
9303563179
9061842011
3419347499
3801490709
163346383
4859671627
1756680917
9679689161
9176242753
8200059727
8420987747
7479025933
9362137241
8505546409
3624002087
4837311779
2969266133
6628211939
3588676451
7888751047
2133708881
1601390233
5223036649
7219581307
8440340651
2986224833
9886688681
4656332143
2136085123
6231425989
5880659219
1974539837
7218258353
7465134533
3456979571
2636510693
7361012381
7690167907
4700944331
5808762107
4527356051
8869188109
7071725069
5116300249
9154783553
8785522399
599066197
345344429
6413814119
136888967
7869741179
4630609807
2056675399
3203421883
2304495773
5416237507
4378732139
418741567
6992004571
7601554769
4169879191
7596898417
2879084353
4897818349
596703671
4224564193
7011642353
1059536119
4725807083
8513893961
3235929071
1647988367
8291035481
3022785167
772973923
9065287963
3224464739
848344001
4701275959
2031436601
3536259439
6713015279
3313390153
4599982843
7539728303
4841010319
2270282941
8001818849
4125403913
9381775747
7256182907
4345816271
6376867459
2997830359
855563843
9820740389
4350424777
1435172143
8902844077
6402877601
651513881
5157541607
8792979059
7285728689
8313773833
431024233
3144431371
6737238071
4011776273
7706560157
3189002771
1626093517
1673447263
5192113723
1955775917
4389607423
4965353027
9069096653
223760947
2455090063
3632283241
2799312613
3839427953
6496789333
8491314697
1125297119
1485528241
9959373737
1628401337
9683910949
2429631733
9704904929
2759760691
8995531577
7692855293
1438537897
7385835451
4469918773
1262268937
4135603883
5982230669
3258693541
5983789373
5726560969
1808645239
1037533333
1090865329
3562688621
5776061197
3580634177
8642585671
5694407923
1173231581
8785919671
9119451581
2667601763
5140716953
8818356667
9327890617
4209705559
4621403219
2725178123
3254764831
2574279989
8994552713
3641442811
385669343
2835289253
1682225299
8234887273
7958163617
3086880983
4375179691
2285623481
7363734887
4418865839
239882653
9731896193
180254777
8307115813
6280381343
2882518637
2017610521
5855372843
352595669
4116452047
3084242893
7819450187
1764903971
3651735821
7085742611
396206893
3899768377
7542020047
6733317737
6226517177
4582225099
6532851407
248655343
6571685353
411937237
495954271
7706979109
6161887231
2342513093
2704714157
6798467971
675495683
2257012909
6287071573
6028123223
1076953531
3617267183
2275863427
8444322619
6407826793
4805957197
2940814733
355252561
2916535187
4604858353
6744558581
468084763
7608344573
3022776217
4903522999
9164096941
377893837
8161671127
7479119083
7397434591
4486989803
4527296959
1137832187
8247156499
9934870177
3225308041
3900705517
6103794899
8904298511
3283299193
184105619
6168892501
8714192999
1658538647
5130467087
2188422923
3960549407
4468748051
7857825137
3858841757
1359827143
1051031011
8049010883
8255081207
129341521
8131753307
1401149773
795904883
1795988617
7631299757
1383808351
4446471083
2913148349
3495333581
3779733227
3266480629
1459502203
6387644407
4522791719
2170606663
6056432341
7242334223
4576078697
8087380867
8756244733
4896184109
8432216249
6157810597
8611251659
2080841743
8951049043
4260037807
8697659771
1873502783
7100330147
3070453871
7695076183
7510893977
5358625567
2626855411
6052454671
9329487421
2636721011
7672699739
567486287
5394696367
5889219601
3183508337
5813912099
7683621683
7893009559
6548784191
8343036389
968896913
818655671
3380776631
7536372443
4384774327
1576804633
9010302997
1365042271
8588797109
6715725697
3864237283
1572443099
5799644329
973697741
4019754611
196504193
2382844979
6050303921
5151265499
4680412259
9080790463
5039093831
6811010621
7846854437
132750061
2557413779
1244069951
7071469667
851531287
5194722853
5225911237
4161231167
9163223479
9539729819
9946459513
2520216481
8374135883
3198957061
9441125041
8498427809
4169211847
5463096941
9625707799
8687677003
3418721479
4449557533
2892695189
7862489627
9031613891
3802873673
6621542423
1826267741
7404621683
8898912553
1422284483
3727713991
5808354119
6482162257
6211241587
9628811041
1313291677
4813332487
5751992663
1863536707
7617967453
5455935691
9898431043
4899072047
6837579733
3199887643
5389240187
6632693651
2391015283
1844568989
7428205867
6662346877
7403077147
7102072697
9178665649
3084840839
2795508967
1267645699
2777883221
8646734381
9347211829
5874870011
298034749
6302520547
8366178049
6865901491
4105639079
1290704699
3994631581
6587809259
7897673137
8292193339
312457627
5921794117
7618937597
5112824747
7223488663
8637975481
3629475383
5077956133
982577777
9395908373
2109660841
7698964459
5380251791
3706126537
671327159
6689884231
4078107779
1251209359
8041368103
802196281
9860812217
8101310137
8184036151
3421566257
3068375819
2631173327
5632690027
7397613079
607070351
877641029
2991933023
4111345867
8795960713
7079717587
132840251
6419240557
9892191017
7316589877
1615895971
7959253559
607146361
8119557179
413450239
1168505467
6059535697
9598514749
3921210331
1870365173
1930454297
9056071723
7604331983
3235701401
7452537559
3568288679
2977489967
3433735379
9603975613
8733667991
4859336353
9608428493
5324291969
3179065507
4850077819
2718336847
6709618309
5271754513
631325263
4359980099
3253811083
1989408503
9785569501
8864167681
8544106183
7908809057
8081237807
7652946913
2746222033
8192830627
2798726893
9035927003
4045874237
7549761157
454167319
4424503637
4898121793
5141488453
2072240879
9058665307
2200753543
2295292309
4087904939
7869284509
2336348591
552917093
8477454863
8760353309
6930809681
2314548287
4559423447
6751199981
2327714581
1659350629
8612727533
4316329841
3752416781
4821077629
6419191997
5189770349
3448399837
3960624919
9621821527
7076295463
9168694841
7362138187
486186751
7737396523
2328743743
3465755273
5135212609
9828436727
2825086007
1119586453
2024493571
4769730247
4973466721
6925135739
7897722361
8869726787
8707308947
5837392147
6946336643
6021366031
5545632919
3622655419
2662408921
769952819
1152747083
2392720261
8638852841
4414901873
5672409697
9916535647
4802943599
5030325481
5052649529
4957210697
432901303
5591348123
6635990303
5634498313
3918003083
3742680299
6581146213
317592547
7365796469
2980221061
9767379371
3301207937
7140864631
5692354417
4399956109
2922171997
7953856073
4479765533
466468837
5616873547
501929567
7311724591
5974470727
5517452939
6290808737
612429277
1696386677
9693678751
1324579349
2364000869
6160484179
4689665843
2099280089
6611954249
8287936567
1020297247
556585021
6520689311
8397753103
8742327569
9704158019
4809723533
552477313
9236100149
1661818439
7913846543
1721813017
7864042313
5460320711
7422344497
5187273713
307436683
6566925509
6161010577
4942493597
7657689031
7438591151
4067129831
1672006561
4177600913
4783455569
1202110123
7188552361
6561551959
1459384819
4383248143
4263310241
236922781
6382669367
2562669797
3687100831
4567260323
3555761801
8942052179
3123437371
1796916923
6622050739
1097471741
7129476287
7832187197
3063320719
6878998669
7821841799
3233015519
4525515751
3965439013
873887459
2553968731
573252761
4883819833
511625171
7981751707
2037586333
2833990279
2902543013
3226073729
4324616269
2569896403
8262808781
7628501599
5469009859
943629373
7366896679
9215667521
2540466209
4284159097
3158815397
5693744789
3133573969
1142669677
6073699637
4752101371
7884067207
3223979959
3353933353
2313793429
2127037673
3784616249
6835721813
4476043963
3577240729
5744529503
8121709441
5245857523
1710497027
6710055263
3170624227
8057828789
7681128263
4485894991
679115531
1610157509
2197671979
7911817169
2135360537
3478524307
5104286657
6512314841
8223187429
200402201
6147823463
7522979851
4232185487
741853223
6442733039
3408241127
788605303
2140123607
4947262339
9922129319
9677469091
1684629589
7456032691
6841467781
4186535357
5217735161
908478253
3638009527
3907527761
6198716107
3790728439
8406097379
6544637303
535990319
1413257497
145216613
3573221261
9210813709
8651501147
9953130973
6185481689
8577006023
3141674117
2112002033
3139085237
555740473
7828205291
7149408823
6452753807
7591412833
6520644673
5258675557
4216307107
1776437231
7919610557
1856954833
385986443
8282627723
1603052051
4861123493
4067770309
3516034057
8931930493
3712076267
5809748591
4970752771
3311928143
2137365929
4083321709
8384077483
1398696679
4513066867
121102363
8044321247
4543137271
3356490989
5798218813
7380933913
5239815533
3472812019
749393377
2933673503
8619519641
7945894511
8364927229
8742505087
2810224931
618442141
2523977629
6296985671
1268991341
2568017323
1068730717
7485281257
5537155007
8292173927
3357411199
583365611
8355534683
5477262779
6451753643
4661885737
7996491793
5821190827
878477221
3667291343
4461803113
7754682721
4499047171
2697289123
2823815021
1186159829
5028750329
2436359027
132851227
5253754631
512966969
7876599541
6138130423
7201441573
2758775377
9743799157
8850350693
3676116319
3140794499
729067723
7911457343
4136293649
8798544751
8102471941
5767095773
9209882503
5684383781
6970680109
167890979
3408822887
2857133077
7453454759
4177607717
7334677517
4320297217
7514850829
6551515567
9559750867
2296424353
7179561827
4572533363
3977534389
390775207
8438315519
202830743
1425090929
5018139653
2065443269
8039933903
7830023497
2129938597
6183957253
8248432013
4990342739
3889513709
9789690893
1889276737
1323666233
1493455493
5430110053
8894344729
9885850847
3295031507
6843589127
6826561397
6852115967
6228256789
9945159281
1777304587
3411819779
7160182397
8523914947
6436022837
5733398641
7115785139
754571641
7084205291
1890855251
5309953837
2647470389
7147723399
9527589263
817201417
5198418011
9195971359
9231431263
1497822217
5906559961
7257349777
3455930479
2560764431
8347102261
7848195389
1933820249
367059097
266738803
3960029699
6713815429
8058697573
5201374093
7859074357
8056119077
3557976839
7203809411
2890447243
3280187153
759248629
8886213503
2427259733
1057014743
3595812421
3730594757
5172245879
9519085057
4714612069
9449954447
3192255587
8947913003
6227622287
554619227
9329232251
4652721763
3434261881
6270518123
2172646711
5322568579
2153636203
151089077
248147149
5179283099
5405471053
9358692787
2573342951
2261122867
518404589
2475313097
6397558591
4893645409
8524904627
4717758277
7303342457
3371155297
9227789783
3479304043
3111851009
6633635111
8996460887
3117703301
7546277471
9949601609
1789704403
3066792977
2815918747
2767655399
9153290651
243807503
2890825517
4618276139
4816038811
4234845961
829335971
6803244601
172115549
6699216889
5804768477
9418294663
4358399581
5572429559
8964893293
7029965863
4277684903
6988746197
359717261
8706451081
2589028669
352298783
7032185539
8242461911
2022456983
6671428559
5873201959
8721332317
4834179359
6994850539
1452931217
9174863207
9231843559
8728497847
3814030399
1066214003
1852440607
4486734179
5465305337
3271584817
425400967
9416967463
8015228149
3035393573
3230274277
9476210683
7999654111
7493198467
5319286501
558909041
9646978717
9156652039
3651316367
4222932853
1080506293
9032129299
9237940171
5143546417
925919963
8450464459
3690130039
9402543251
1619646121
3436386071
1334275717
3494737381
7373184277
1950587831
2987169539
276756427
8521947101
1472656187
5621618549
5858692717
1354462559
2757323951
1995004577
2852535473
6558966347
2607649153
9459017657
777112403
3988299019
5981565461
8543567687
1965701159
7727652391
6871476853
7885571543
3583923661
970991467
8356412039
3923212091
3429684263
1934061917
2216864479
9228778969
7694232841
8211793633
1825335991
5904960617
1836106847
3128069977
8795425013
2724146779
6370796347
1808121737
3665531659
4735726837
6858562631
5087378981
622260593
5226526231
3254301917
5738120159
4284874409
6643528279
7187782817
6829605899
1765362917
8262250589
1796499811
6502357657
4243011379
1954394329
9612191101
2458525493
2968201829
5155135763
9632999419
6072291229
8253573379
2940300929
5665462711
7738841281
6859060597
8014325477
9430594391
4892991793
5645093351
7839907267
3572525137
9165175499
8335949761
9053674163
5690627291
277819013
973944341
1110623197
2790724877
5083051091
1664358277
8541844007
5871642611
1033844167
6668970853
4070576297
680796131
7604230789
6829753037
7212004847
1867257827
2292666109
7138578703
1717509823
9757450687
9383806357
2239507961
4756850467
1255738811
1763407357
9845949847
9943897291
6092890301
3425323961
9855859747
7173363929
5723833111
1444419863
3135522223
5880804337
5722471267
9129665213
6533048429
7056675737
8313503287
7641433537
7969203097
6284803781
7209123569
9622886503
4180330681
514051073
8177407837
5426604643
6696601057
1626937541
3236812693
7849321307
2619001367
7411155263
2600714057
7950511279
122867131
508312499
8836095707
4651697111
379526747
1209424691
4974819827
5799007217
526299947
6065527543
8827154747
5141878267
7300279523
9892741459
4126543583
4242691763
2079715513
7740176603
245389061
6538132949
1868297377
795666353
6985745717
6306736703
4258099999
8784694379
6716355853
684630641
508491611
9086319401
7438320073
5690991331
2363507191
8534208191
8016318031
908741677
1672715519
3309141487
8715315563
5906091127
5431221203
6017630533
9953258677
636894343
4483640927
2250843403
9132898427
2086963573
4037122993
1743398633
3927760241
2682767639
4779879463
3118550273
6518875217
404099183
3471883523
6395139983
1803554629
6596273459
4343059999
2919975973
6675915551
5761478363
3612545011
423424637
4880795929
3000806623
4132709081
5806372409
341109247
5219762291
9843482123
3465620443
7420029403
722404591
3630022723
6518444659
9816694297
7615962709
4086740087
3983064361
9993906581
3655550929
8565160619
406856353
2310111757
7987542421
2956261753
9518607773
3800059819
4096774849
954617803
7064742967
4240017779
7713742249
4765575253
9703795511
573438191
760864409
2290189177
2516644721
5259841373
6801999089
2675254357
7961372711
6531048653
4310642657
2574672313
2009453113
4346994551
5992095049
8391721771
5172567461
1030254583
4854754871
5364908347
1745927891
4403746873
8169059513
9480666901
5562722483
4404075847
8306331617
2069904971
1474248491
289751659
4605320821
8750669891
1259953217
4350962767
114845461
8237249011
7100704771
6396949249
7229853089
1836886211
3474115769
4303815017
6084738259
2775495493
6013419779
8795621249
4093817731
9531118231
5166740797
3982960271
1223214397
4370268233
792393653
131216719
859046569
3270623227
3080091017
348219451
4683428639
4201521263
2461025761
4577456959
9165609953
3304446221
2529911957
590637067
9034338947
9265533551
776857013
7531644007
6620653829
2540537543
6058128863
2850344191
5350539847
3225310619
6089901847
4308463183
2412332189
3785325013
248882659
658180669
1525406903
1719537769
3231052753
4598767321
8934238793
3172393379
8315943673
3344886073
537690487
4033899941
5886525131
5402128331
766346263
9141620669
8148480577
1100336443
4773891449
3516763009
7362766883
6526543211
8453669083
9372598097
603585247
6201495661
4105577897
8756454193
3095517091
5105924737
1527126889
4256555153
8551480859
274019611
9290194241
1778175121
1886370077
4974810077
6020884019
3085698893
7307135201
346104433
6728192797
3256968413
1872062239
9995960561
2241996179
9312313489
8656994293
9725870023
7590802789
451646449
9579299237
1336694771
2270320643
8217451213
4612887541
572648003
1155109057
6720944623
3950533399
2882832047
174742751
6420879739
7637239339
4563841313
2496245957
7223070241
3010451519
2221294259
3958606441
1947899357
4450071253
2147070833
7069260949
3439172441
741946511
6269153929
4957192637
3051134327
5681071901
8218904129
1483624517
7266462641
3427022569
5939802503
6065787209
3573477689
6755848483
843086879
5688600683
228128683
3989696309
282488443
1022158759
4312658491
3968320441
1741165333
6875009563
9967592213
4382320511
5842104119
3462368989
2375022977
8882315041
3718520677
8457911933
2212990217
7620735169
8896888157
8496354961
3082633487
7953187009
2143837463
2070738407
1828832729
489529849
6353261881
6122374151
5539341029
7346268571
2661726857
8154672899
7514772053
6915805639
2261560039
1744504841
784548613
7697940469
7165171411
8106054791
5568426779
8490869509
4951607161
9486241799
1808197999
9328448249
7851882317
2772051661
6743709803
741982679
1375845929
2133016051
8847815279
1759471541
8168496463
6528536257
8770123561
581949721
1862954941
1284457753
3831182753
3079782287
7845849521
1493919907
748392641
5715434369
3112759081
649641869
4096175689
625790119
8148383897
654871493
6332820601
1608044167
4932182683
1701336709
6709449937
8941355627
8864305193
4679903359
7954194817
3997476601
1195958297
1076784893
3799697861
3229112629
2344670401
5226106441
8032059041
9561708829
1574745839
561312361
7525882019
2588717623
980677031
5921892709
999759451
9354851147
8933957563
6820772839
1160429899
4647081557
2500754329
8308449133
4809067421
4641474427
4309554427
6975554723
4834499909
472087751
8179716907
5909573359
4307045383
3999641831
9512454421
3754385039
5311528681
2748109043
9694737131
5701858681
389141569
1560189247
898448783
2689180579
3883745191
2533354963
1160315341
1626732089
2909084257
8496991411
5864513359
866572453
1644556717
9906134561
5108850083
7658295067
1590469379
4158391823
4926605561
7747859887
9574355437
5559278563
7985855677
3205547473
2695621673
5998041211
4796688461
8952310441
2585127473
262679447
4642104869
8175933281
1475821367
9923449993
2352272453
4904219393
9663534187
6945269377
890709269
2696346379
8858148961
970301113
5435731277
3020100553
9288842029
6574387591
1471408231
9875783969
8650162481
6974534033
3133682273
6541823677
1893893557
9513612769
3699458233
719232697
7742730277
4749769273
5684656391
2985494747
7392426883
1768119959
7789887047
8963415913
1307814749
2170440581
5449652053
5781053771
9275020393
2896297949
4029777553
5038073333
7598974553
3061509601
4361513531
9785502907
6423371113
125925101
2820286477
2409788833
6464251217
122835199
2869950887
8696250443
310541129
8527768819
4392815437
1818946601
7974219907
9464995607
4767161801
7208087597
236220029
5837897297
5403644299
3877001203
6087229879
6918439837
8350378889
4171370263
5554391971
3420986771
657789667
6280537759
1143738851
7454824799
8016886487
2404739801
7283783371
6334933453
9695594059
4947248821
8657122009
9761583197
632395261
4227516781
2427379961
681596879
1115851021
2848713563
948863989
2392086797
6982208741
9423286487
9514005763
9385685513
7785046609
7606414021
6164281927
9881567767
3582154957
1822215133
5003213113
2850806363
7893217357
1657449569
5192538067
8245512371
5289874613
9860141663
6168473237
462799079
258180647
102449749
2482062293
7275856321
910678543
9325002527
4695033481
2736912973
9688253747
6302283853
4006558427
847961243
5379587693
8264251129
7151559509
9583229837
7544020753
1421360257
4088284021
8242542521
7539393877
4686591691
6183490217
8181087433
1072105921
1425890639
4883153393
9640640249
743919317
9821253427
222406033
7333295891
8519124281
8995001651
1604014127
6370956131
6568524731
7737313301
5693287493
6941801927
440581313
6439399027
8609650061
1934944031
214885327
6259462249
4320470101
8883950171
4932730807
2128877941
3472801811
6200494849
324570049
6559582093
8038589903
3800169221
358094753
5434258187
6439110113
6137054951
8494345721
8974588379
5566274947
7061509207
8445613733
9504118501
8120329103
4855399547
747730337
7083740857
6244257587
5681773717
3608701433
9308700559
3835084511
7574976503
4134456869
6125888537
5964358721
6321826793
4485505223
1643834537
4734371717
1997809571
7870619129